Temperature	40	60	80	100	120
2.000000E+1	7.993426E-9	2.204157E-8	7.472357E-8	2.455220E-7	8.073263E-7
2.010000E+1	8.033680E-9	2.211078E-8	7.491666E-8	2.460636E-7	8.088982E-7
2.020000E+1	8.004766E-9	2.225845E-8	7.516303E-8	2.467185E-7	8.108502E-7
2.030000E+1	8.006183E-9	2.230187E-8	7.532564E-8	2.473108E-7	8.128841E-7
2.040000E+1	7.997946E-9	2.236398E-8	7.558322E-8	2.479871E-7	8.149135E-7
2.050000E+1	8.025134E-9	2.246223E-8	7.578532E-8	2.487380E-7	8.171079E-7
2.060000E+1	8.038684E-9	2.253242E-8	7.606599E-8	2.493723E-7	8.192604E-7
2.070000E+1	8.062689E-9	2.258023E-8	7.626649E-8	2.501231E-7	8.213930E-7
2.080000E+1	8.043245E-9	2.266328E-8	7.652971E-8	2.508530E-7	8.236597E-7
2.090000E+1	8.077344E-9	2.271975E-8	7.671972E-8	2.515161E-7	8.258829E-7
2.100000E+1	8.067356E-9	2.283522E-8	7.701409E-8	2.522565E-7	8.281131E-7
2.110000E+1	8.069377E-9	2.288401E-8	7.721828E-8	2.529410E-7	8.303633E-7
2.120000E+1	8.083690E-9	2.300410E-8	7.740753E-8	2.536748E-7	8.325330E-7
2.130000E+1	8.108804E-9	2.307416E-8	7.769027E-8	2.544323E-7	8.347292E-7
2.140000E+1	8.089109E-9	2.317042E-8	7.792313E-8	2.551039E-7	8.369537E-7
2.150000E+1	8.139428E-9	2.321476E-8	7.815174E-8	2.557862E-7	8.390188E-7
2.160000E+1	8.205728E-9	2.330701E-8	7.839953E-8	2.565695E-7	8.411801E-7
2.170000E+1	8.170926E-9	2.341423E-8	7.861759E-8	2.572530E-7	8.431728E-7
2.180000E+1	8.226947E-9	2.348599E-8	7.887920E-8	2.579646E-7	8.452889E-7
2.190000E+1	8.304932E-9	2.357189E-8	7.912654E-8	2.586960E-7	8.473503E-7
2.200000E+1	8.581482E-9	2.369842E-8	7.935657E-8	2.594035E-7	8.493720E-7
2.210000E+1	9.295093E-9	2.382146E-8	7.960097E-8	2.601308E-7	8.514067E-7
2.220000E+1	1.055261E-8	2.397907E-8	7.989669E-8	2.608311E-7	8.534130E-7
2.230000E+1	1.274353E-8	2.422308E-8	8.009496E-8	2.615308E-7	8.554517E-7
2.240000E+1	1.589793E-8	2.470408E-8	8.044188E-8	2.622954E-7	8.575030E-7
2.250000E+1	2.006322E-8	2.558989E-8	8.070906E-8	2.630772E-7	8.595393E-7
2.260000E+1	2.536081E-8	2.715420E-8	8.106200E-8	2.637864E-7	8.616166E-7
2.270000E+1	3.137829E-8	2.978769E-8	8.150351E-8	2.645693E-7	8.637331E-7
2.280000E+1	3.768847E-8	3.369817E-8	8.200460E-8	2.654266E-7	8.658561E-7
2.290000E+1	4.433932E-8	3.906853E-8	8.269155E-8	2.662346E-7	8.680925E-7
2.300000E+1	5.184006E-8	4.591165E-8	8.375933E-8	2.670579E-7	8.704279E-7
2.310000E+1	5.930024E-8	5.471878E-8	8.524055E-8	2.679955E-7	8.728340E-7
2.320000E+1	6.665850E-8	6.471397E-8	8.745698E-8	2.689536E-7	8.753103E-7
2.330000E+1	7.417161E-8	7.612069E-8	9.067232E-8	2.699998E-7	8.777930E-7
2.340000E+1	8.216848E-8	8.885481E-8	9.520995E-8	2.711197E-7	8.802677E-7
2.350000E+1	8.985201E-8	1.029612E-7	1.018842E-7	2.724869E-7	8.829853E-7
2.360000E+1	9.860728E-8	1.174051E-7	1.106477E-7	2.740485E-7	8.856277E-7
2.370000E+1	1.064815E-7	1.326183E-7	1.222932E-7	2.758103E-7	8.884146E-7
2.380000E+1	1.152775E-7	1.478976E-7	1.372011E-7	2.780914E-7	8.913020E-7
2.390000E+1	1.242040E-7	1.655176E-7	1.563230E-7	2.811652E-7	8.942224E-7
2.400000E+1	1.328585E-7	1.827092E-7	1.795172E-7	2.849157E-7	8.973507E-7
2.410000E+1	1.428890E-7	2.009954E-7	2.069369E-7	2.898562E-7	9.005795E-7
2.420000E+1	1.519997E-7	2.196764E-7	2.393643E-7	2.967937E-7	9.040841E-7
2.430000E+1	1.620703E-7	2.386588E-7	2.753837E-7	3.058499E-7	9.077655E-7
2.440000E+1	1.715877E-7	2.593578E-7	3.154843E-7	3.178731E-7	9.116374E-7
2.450000E+1	1.815260E-7	2.795526E-7	3.601203E-7	3.340906E-7	9.159031E-7
2.460000E+1	1.922982E-7	3.022004E-7	4.081179E-7	3.563534E-7	9.207351E-7
2.470000E+1	2.035420E-7	3.242688E-7	4.597990E-7	3.848058E-7	9.258527E-7
2.480000E+1	2.152609E-7	3.466416E-7	5.134886E-7	4.218862E-7	9.318276E-7
2.490000E+1	2.254199E-7	3.705756E-7	5.707666E-7	4.695168E-7	9.385815E-7
2.500000E+1	2.383234E-7	3.958270E-7	6.321710E-7	5.320256E-7	9.468027E-7
2.510000E+1	2.513212E-7	4.213045E-7	6.953550E-7	6.070981E-7	9.563462E-7
2.520000E+1	2.616181E-7	4.483788E-7	7.614478E-7	6.984848E-7	9.679078E-7
2.530000E+1	2.748204E-7	4.754238E-7	8.303134E-7	8.087928E-7	9.821644E-7
2.540000E+1	2.884233E-7	5.030531E-7	9.059004E-7	9.437241E-7	1.000567E-6
2.550000E+1	3.017396E-7	5.333010E-7	9.803484E-7	1.091461E-6	1.023172E-6
2.560000E+1	3.142011E-7	5.637542E-7	1.057439E-6	1.262897E-6	1.044728E-6
2.570000E+1	3.292447E-7	5.949660E-7	1.142167E-6	1.463554E-6	1.089817E-6
2.580000E+1	3.446872E-7	6.282850E-7	1.228625E-6	1.679432E-6	1.137004E-6
2.590000E+1	3.595094E-7	6.610333E-7	1.317059E-6	1.917067E-6	1.197770E-6
2.600000E+1	3.738060E-7	6.946720E-7	1.411554E-6	2.173372E-6	1.275993E-6
2.610000E+1	3.908745E-7	7.317268E-7	1.510307E-6	2.460299E-6	1.380753E-6
2.620000E+1	4.068914E-7	7.683242E-7	1.612920E-6	2.753926E-6	1.510334E-6
2.630000E+1	4.238931E-7	8.045855E-7	1.717339E-6	3.071837E-6	1.676355E-6
2.640000E+1	4.406064E-7	8.445590E-7	1.827062E-6	3.402551E-6	1.885417E-6
2.650000E+1	4.586096E-7	8.862831E-7	1.945327E-6	3.762931E-6	2.157493E-6
2.660000E+1	4.771189E-7	9.269146E-7	2.064965E-6	4.134206E-6	2.485414E-6
2.670000E+1	4.951342E-7	9.704181E-7	2.189557E-6	4.519442E-6	2.887696E-6
2.680000E+1	5.155634E-7	1.016015E-6	2.318131E-6	4.941395E-6	3.395435E-6
2.690000E+1	5.339058E-7	1.048849E-6	2.450898E-6	5.369756E-6	3.987397E-6
2.700000E+1	5.553936E-7	1.106933E-6	2.590426E-6	5.818166E-6	4.685545E-6
2.710000E+1	5.763249E-7	1.154874E-6	2.730118E-6	6.287386E-6	5.503629E-6
2.720000E+1	5.986588E-7	1.206899E-6	2.883043E-6	6.789397E-6	6.480082E-6
2.730000E+1	6.199356E-7	1.259527E-6	3.041833E-6	7.302302E-6	7.560815E-6
2.740000E+1	6.410821E-7	1.313177E-6	3.195147E-6	7.840119E-6	8.784696E-6
2.750000E+1	6.632854E-7	1.368931E-6	3.362782E-6	8.402013E-6	1.014960E-5
2.760000E+1	6.885512E-7	1.424596E-6	3.539268E-6	9.008723E-6	1.164476E-5
2.770000E+1	7.171714E-7	1.483459E-6	3.717353E-6	9.609791E-6	1.327945E-5
2.780000E+1	7.415779E-7	1.546847E-6	3.900244E-6	1.025702E-5	1.505480E-5
2.790000E+1	7.669556E-7	1.605901E-6	4.091148E-6	1.089828E-5	1.696537E-5
2.800000E+1	7.948187E-7	1.674524E-6	4.294907E-6	1.160498E-5	1.907913E-5
2.810000E+1	8.220462E-7	1.739800E-6	4.499113E-6	1.233016E-5	2.125181E-5
2.820000E+1	8.492387E-7	1.808271E-6	4.710342E-6	1.307588E-5	2.355642E-5
2.830000E+1	8.821182E-7	1.883869E-6	4.936899E-6	1.388347E-5	2.608756E-5
2.840000E+1	9.124858E-7	1.959613E-6	5.163688E-6	1.469145E-5	2.865710E-5
2.850000E+1	9.452398E-7	2.032859E-6	5.399457E-6	1.553629E-5	3.135368E-5
2.860000E+1	9.777812E-7	2.105597E-6	5.640592E-6	1.640966E-5	3.419232E-5
2.870000E+1	1.010830E-6	2.194570E-6	5.891132E-6	1.735541E-5	3.727167E-5
2.880000E+1	1.043625E-6	2.275514E-6	6.157218E-6	1.830919E-5	4.038379E-5
2.890000E+1	1.078607E-6	2.362367E-6	6.428024E-6	1.929574E-5	4.364507E-5
2.900000E+1	1.115860E-6	2.446434E-6	6.703317E-6	2.031261E-5	4.703956E-5
2.910000E+1	1.152936E-6	2.546187E-6	6.996608E-6	2.141367E-5	5.073200E-5
2.920000E+1	1.193391E-6	2.637883E-6	7.292109E-6	2.251557E-5	5.444400E-5
2.930000E+1	1.235288E-6	2.738391E-6	7.594802E-6	2.366848E-5	5.834281E-5
2.940000E+1	1.280419E-6	2.843377E-6	7.932741E-6	2.489803E-5	6.253723E-5
2.950000E+1	1.324026E-6	2.943372E-6	8.256685E-6	2.613787E-5	6.676205E-5
2.960000E+1	1.368344E-6	3.052297E-6	8.602881E-6	2.741011E-5	7.119439E-5
2.970000E+1	1.417742E-6	3.171894E-6	8.951702E-6	2.873850E-5	7.577015E-5
2.980000E+1	1.464800E-6	3.291223E-6	9.321892E-6	3.015378E-5	8.072128E-5
2.990000E+1	1.514368E-6	3.408033E-6	9.712218E-6	3.159171E-5	8.573222E-5
3.000000E+1	1.563086E-6	3.535369E-6	1.009090E-5	3.307328E-5	9.090941E-5
3.010000E+1	1.619154E-6	3.661920E-6	1.048582E-5	3.462188E-5	9.629977E-5
3.020000E+1	1.674318E-6	3.799505E-6	1.091683E-5	3.627086E-5	1.021293E-4
3.030000E+1	1.735400E-6	3.937377E-6	1.134774E-5	3.791803E-5	1.078920E-4
3.040000E+1	1.790984E-6	4.076854E-6	1.180740E-5	3.963305E-5	1.139453E-4
3.050000E+1	1.858971E-6	4.232892E-6	1.226339E-5	4.142295E-5	1.202527E-4
3.060000E+1	1.924061E-6	4.385003E-6	1.277193E-5	4.332851E-5	1.270203E-4
3.070000E+1	1.991128E-6	4.553601E-6	1.327836E-5	4.526404E-5	1.338385E-4
3.080000E+1	2.055705E-6	4.726730E-6	1.380021E-5	4.724356E-5	1.409294E-4
3.090000E+1	2.139631E-6	4.889777E-6	1.435348E-5	4.940039E-5	1.485997E-4
3.100000E+1	2.211856E-6	5.072252E-6	1.492464E-5	5.154894E-5	1.562301E-4
3.110000E+1	2.280960E-6	5.257285E-6	1.552924E-5	5.379451E-5	1.642189E-4
3.120000E+1	2.365161E-6	5.461930E-6	1.613929E-5	5.610383E-5	1.724847E-4
3.130000E+1	2.457123E-6	5.657448E-6	1.678298E-5	5.861102E-5	1.813605E-4
3.140000E+1	2.541388E-6	5.875422E-6	1.744335E-5	6.111900E-5	1.902919E-4
3.150000E+1	2.637782E-6	6.093665E-6	1.813360E-5	6.372294E-5	1.995716E-4
3.160000E+1	2.727166E-6	6.325822E-6	1.884187E-5	6.642966E-5	2.092416E-4
3.170000E+1	2.832656E-6	6.574315E-6	1.960448E-5	6.937665E-5	2.195621E-4
3.180000E+1	2.936912E-6	6.819234E-6	2.040233E-5	7.233184E-5	2.299798E-4
3.190000E+1	3.038929E-6	7.078731E-6	2.120574E-5	7.534832E-5	2.408491E-4
3.200000E+1	3.154655E-6	7.331076E-6	2.206119E-5	7.859396E-5	2.521200E-4
3.210000E+1	3.283636E-6	7.639918E-6	2.296510E-5	8.200773E-5	2.642569E-4
3.220000E+1	3.411788E-6	7.943418E-6	2.389347E-5	8.546507E-5	2.764523E-4
3.230000E+1	3.540837E-6	8.251657E-6	2.489068E-5	8.910664E-5	2.891505E-4
3.240000E+1	3.672689E-6	8.597038E-6	2.593157E-5	9.304914E-5	3.028470E-4
3.250000E+1	3.834046E-6	8.908411E-6	2.698405E-5	9.700893E-5	3.166134E-4
3.260000E+1	3.961678E-6	9.277947E-6	2.809556E-5	1.010688E-4	3.310172E-4
3.270000E+1	4.124058E-6	9.674580E-6	2.925534E-5	1.053970E-4	3.459874E-4
3.280000E+1	4.306689E-6	1.008848E-5	3.054343E-5	1.101128E-4	3.621480E-4
3.290000E+1	4.484939E-6	1.046842E-5	3.182878E-5	1.148557E-4	3.784107E-4
3.300000E+1	4.665918E-6	1.090109E-5	3.318175E-5	1.198523E-4	3.954949E-4
3.310000E+1	4.868555E-6	1.135789E-5	3.463999E-5	1.250604E-4	4.133147E-4
3.320000E+1	5.068190E-6	1.185543E-5	3.619236E-5	1.307831E-4	4.325648E-4
3.330000E+1	5.294351E-6	1.237098E-5	3.781004E-5	1.365845E-4	4.519955E-4
3.340000E+1	5.539133E-6	1.293839E-5	3.949156E-5	1.427083E-4	4.724484E-4
3.350000E+1	5.788170E-6	1.350565E-5	4.136458E-5	1.493423E-4	4.945515E-4
3.360000E+1	6.041524E-6	1.414930E-5	4.327123E-5	1.561822E-4	5.169663E-4
3.370000E+1	6.330448E-6	1.476263E-5	4.525599E-5	1.633925E-4	5.405314E-4
3.380000E+1	6.617035E-6	1.547562E-5	4.741371E-5	1.709817E-4	5.653352E-4
3.390000E+1	6.959688E-6	1.625496E-5	4.984178E-5	1.794095E-4	5.922844E-4
3.400000E+1	7.287849E-6	1.704816E-5	5.224447E-5	1.879439E-4	6.196831E-4
3.410000E+1	7.652991E-6	1.786431E-5	5.488941E-5	1.970858E-4	6.486104E-4
3.420000E+1	8.058559E-6	1.877507E-5	5.773254E-5	2.068427E-4	6.791999E-4
3.430000E+1	8.502912E-6	1.981423E-5	6.080743E-5	2.176308E-4	7.125131E-4
3.440000E+1	8.993530E-6	2.088612E-5	6.401968E-5	2.287213E-4	7.464589E-4
3.450000E+1	9.422670E-6	2.197347E-5	6.764849E-5	2.406687E-4	7.826939E-4
3.460000E+1	1.001694E-5	2.322284E-5	7.142983E-5	2.536926E-4	8.210613E-4
3.470000E+1	1.047842E-5	2.458807E-5	7.570845E-5	2.679405E-4	8.630959E-4
3.480000E+1	1.123144E-5	2.606570E-5	8.024496E-5	2.829604E-4	9.067247E-4
3.490000E+1	1.196906E-5	2.764474E-5	8.510482E-5	2.992276E-4	9.530062E-4
3.500000E+1	1.270456E-5	2.948378E-5	9.074998E-5	3.175105E-4	1.003924E-3
3.510000E+1	1.349991E-5	3.139396E-5	9.658847E-5	3.368665E-4	1.058221E-3
3.520000E+1	1.451694E-5	3.353231E-5	1.031504E-4	3.580000E-4	1.114342E-3
3.530000E+1	1.553403E-5	3.584773E-5	1.104457E-4	3.811086E-4	1.174585E-3
3.540000E+1	1.670143E-5	3.862795E-5	1.188406E-4	4.074621E-4	1.241636E-3
3.550000E+1	1.804744E-5	4.163661E-5	1.279469E-4	4.356183E-4	1.311940E-3
3.560000E+1	1.962711E-5	4.492161E-5	1.383002E-4	4.668750E-4	1.387450E-3
3.570000E+1	2.130623E-5	4.879485E-5	1.498970E-4	5.020751E-4	1.469376E-3
3.580000E+1	2.332870E-5	5.328216E-5	1.637191E-4	5.424356E-4	1.560627E-3
3.590000E+1	2.560623E-5	5.836091E-5	1.791883E-4	5.872945E-4	1.657194E-3
3.600000E+1	2.842728E-5	6.413231E-5	1.974674E-4	6.374352E-4	1.761643E-3
3.610000E+1	3.171116E-5	7.148931E-5	2.195105E-4	6.971020E-4	1.879751E-3
3.620000E+1	3.546377E-5	8.008676E-5	2.452504E-4	7.635410E-4	2.004763E-3
3.630000E+1	4.048676E-5	9.030551E-5	2.768640E-4	8.411083E-4	2.142180E-3
3.640000E+1	4.629095E-5	1.023124E-4	3.146089E-4	9.319540E-4	2.292626E-3
3.650000E+1	5.494314E-5	1.189228E-4	3.653100E-4	1.040353E-3	2.463245E-3
3.660000E+1	6.521880E-5	1.394664E-4	4.307544E-4	1.166729E-3	2.646294E-3
3.670000E+1	8.085492E-5	1.684145E-4	5.189028E-4	1.320861E-3	2.848569E-3
3.680000E+1	1.013568E-4	2.099643E-4	6.463313E-4	1.508388E-3	3.071200E-3
3.690000E+1	1.394008E-4	2.780204E-4	8.485958E-4	1.748358E-3	3.326263E-3
3.700000E+1	2.203859E-4	4.022060E-4	1.111405E-3	2.039301E-3	3.600390E-3
3.710000E+1	6.157709E-4	7.041888E-4	1.610549E-3	2.406986E-3	3.904685E-3
3.720000E+1	1.789286E-3	1.256358E-3	2.475847E-3	2.871498E-3	4.241527E-3
3.730000E+1	4.191640E-3	2.903079E-3	3.839037E-3	3.474810E-3	4.627429E-3
3.740000E+1	6.324813E-3	4.905039E-3	5.469231E-3	4.196382E-3	5.041413E-3
3.750000E+1	8.401922E-3	7.012842E-3	7.274454E-3	5.051394E-3	5.496249E-3
3.760000E+1	9.451079E-3	9.254834E-3	9.206641E-3	6.068767E-3	6.011824E-3
3.770000E+1	1.158769E-2	1.080143E-2	1.050301E-2	7.150297E-3	6.558784E-3
3.780000E+1	1.368497E-2	1.314347E-2	1.238468E-2	8.296037E-3	7.150847E-3
3.790000E+1	1.579195E-2	1.555633E-2	1.420561E-2	9.486853E-3	7.793268E-3
3.800000E+1	1.797681E-2	1.806503E-2	1.601058E-2	1.035017E-2	8.501967E-3
3.810000E+1	2.011967E-2	2.048830E-2	1.764006E-2	1.155854E-2	9.230509E-3
3.820000E+1	2.234102E-2	2.286305E-2	1.915604E-2	1.273336E-2	9.999477E-3
3.830000E+1	2.467516E-2	2.514079E-2	2.057036E-2	1.388004E-2	1.075003E-2
3.840000E+1	2.721410E-2	2.735078E-2	2.193611E-2	1.504164E-2	1.160777E-2
3.850000E+1	2.977478E-2	2.928595E-2	2.312618E-2	1.610977E-2	1.246941E-2
3.860000E+1	3.241342E-2	3.100714E-2	2.422523E-2	1.714033E-2	1.335665E-2
3.870000E+1	3.503120E-2	3.250907E-2	2.523978E-2	1.813798E-2	1.426945E-2
3.880000E+1	3.761536E-2	3.387977E-2	2.624755E-2	1.915697E-2	1.523581E-2
3.890000E+1	3.987787E-2	3.498382E-2	2.711107E-2	2.008742E-2	1.619143E-2
3.900000E+1	4.000147E-2	3.593635E-2	2.793182E-2	2.100345E-2	1.716321E-2
3.910000E+1		3.681900E-2	2.875875E-2	2.194527E-2	1.818767E-2
3.920000E+1		3.750765E-2	2.949028E-2	2.282098E-2	1.919673E-2
3.930000E+1		3.811638E-2	3.019258E-2	2.368629E-2	2.022413E-2
3.940000E+1		3.865748E-2	3.086828E-2	2.454106E-2	2.127089E-2
3.950000E+1		3.921585E-2	3.158003E-2	2.544151E-2	2.237624E-2
3.960000E+1		3.969862E-2	3.221651E-2	2.629062E-2	2.347199E-2
3.970000E+1		4.000146E-2	3.284403E-2	2.713810E-2	2.459418E-2
3.980000E+1			3.346083E-2	2.799308E-2	2.574675E-2
3.990000E+1			3.413752E-2	2.890377E-2	2.697046E-2
4.000000E+1			3.475668E-2	2.977522E-2	2.819325E-2
